,SEQN,Spending_on_nonfood,Spending_on_eating_out,Spending_on_carryout_deliverred,Spending_on_food
0,51624.0,0.15840118430792005,0.037009622501850484,0.1702442635085122,0.6343449296817173
1,51625.0,7.710864781334326e-82,0.14285714285714285,7.710864781334326e-82,0.8571428571428571
2,51626.0,1.1994678548742284e-81,0.044444444444444446,1.1994678548742284e-81,0.9555555555555555
3,51627.0,0.2,0.2,0.2,0.4
4,51628.0,1.9627655807032829e-81,1.9627655807032829e-81,1.9627655807032829e-81,1.0
5,51629.0,1.0709534418519896e-81,0.0992063492063492,0.047619047619047616,0.8531746031746031
6,51630.0,0.03636363636363636,0.18181818181818182,0.05454545454545454,0.7272727272727273
7,51631.0,5.390872147621648e-85,0.00019975051161099787,4.993762790274947e-05,0.9997503118604864
8,51632.0,0.1792452830188679,0.11635220125786164,5.657867239972776e-82,0.7044025157232704
9,51633.0,0.058823529411764705,0.058823529411764705,1.5875309843923611e-81,0.8823529411764707
10,51634.0,1.349401336733507e-81,0.3,0.05,0.65
11,51635.0,2.230415432617367e-81,0.08264462809917356,2.230415432617367e-81,0.9173553719008265
12,51636.0,1.255257057426518e-81,0.3488372093023256,0.09302325581395349,0.5581395348837209
13,51637.0,,,,
14,51638.0,0.1095890410958904,0.03424657534246575,4.6212374545668044e-82,0.8561643835616438
15,51639.0,9.638580976667907e-82,0.17857142857142858,0.10714285714285714,0.7142857142857143
16,51640.0,1.0795210693868056e-81,0.2,1.0795210693868056e-81,0.8
17,51641.0,5.997339274371142e-82,0.2222222222222222,0.1111111111111111,0.6666666666666666
18,51642.0,9.690494339199332e-82,9.690494339199332e-82,9.690494339199332e-82,1.0
19,51643.0,0.06593406593406594,0.16483516483516483,1.18628688943605e-81,0.7692307692307693
20,51644.0,2.2490022278891783e-81,0.16666666666666666,2.2490022278891783e-81,0.8333333333333334
21,51645.0,0.07686781609195402,0.3074712643678161,3.87759004808479e-82,0.6156609195402298
22,51646.0,1.0795210693868056e-81,0.4,1.0795210693868056e-81,0.6
23,51647.0,0.028056112224448898,0.5724782899131596,0.11422845691382766,0.2852371409485638
24,51648.0,1.0795210693868056e-80,1.0795210693868056e-80,1.0795210693868056e-80,1.0
25,51649.0,7.822616444831925e-82,0.43478260869565216,0.057971014492753624,0.5072463768115942
26,51650.0,0.08571428571428572,6.168691825067461e-82,6.168691825067461e-82,0.9142857142857143
27,51651.0,5.424728991893496e-82,0.020100502512562814,0.02512562814070352,0.9547738693467337
28,51652.0,1.2851441302223877e-81,0.35714285714285715,1.2851441302223877e-81,0.6428571428571429
29,51653.0,0.1,0.4,0.1,0.4
30,51654.0,0.0967741935483871,0.1382488479262673,0.0576036866359447,0.707373271889401
31,51655.0,1.420422459719481e-81,0.07894736842105263,1.420422459719481e-81,0.9210526315789473
32,51656.0,0.04816955684007707,0.4123314065510597,0.057803468208092484,0.4816955684007707
33,51657.0,8.178189919597012e-82,0.06060606060606061,8.178189919597012e-82,0.9393939393939393
34,51658.0,1.349401336733507e-81,1.349401336733507e-81,1.349401336733507e-81,1.0
35,51659.0,0.046699875466998754,0.21793275217932753,3.360899966957676e-82,0.7353673723536738
36,51660.0,1.0088981956886034e-81,1.0088981956886034e-81,1.0088981956886034e-81,1.0
37,51661.0,9.306216115403496e-82,0.10344827586206896,9.306216115403496e-82,0.896551724137931
38,51662.0,0.09836065573770492,0.13114754098360656,8.848533355629554e-82,0.7704918032786886
39,51663.0,4.95193151094865e-82,0.5504587155963303,0.05504587155963303,0.3944954128440367
40,51664.0,6.937796075750678e-82,0.5501285347043702,6.937796075750678e-82,0.4498714652956298
41,51665.0,1.1245011139445891e-81,0.10416666666666667,0.0625,0.8333333333333334
42,51666.0,5.1405765208895504e-82,0.19047619047619047,5.1405765208895504e-82,0.8095238095238095
43,51667.0,4.498004455778357e-82,4.498004455778357e-82,4.498004455778357e-82,1.0
44,51668.0,1.420422459719481e-81,0.13157894736842105,0.07894736842105263,0.7894736842105263
45,51669.0,3.8554323906671627e-81,3.8554323906671627e-81,3.8554323906671627e-81,1.0
46,51670.0,0.07567567567567568,0.15315315315315314,9.725415039520771e-82,0.7711711711711712
47,51671.0,1.0795210693868056e-81,1.0795210693868056e-81,1.0795210693868056e-81,1.0
48,51672.0,1.4588122559281157e-81,0.13513513513513514,0.05405405405405406,0.8108108108108109
49,51673.0,0.13157894736842105,0.07894736842105263,7.102112298597405e-82,0.7894736842105263
50,51674.0,,,,
51,51675.0,0.21052631578947367,0.15789473684210525,1.1363379677755848e-81,0.631578947368421
52,51676.0,8.996500361359431e-05,0.9996101516510078,5.395506494907509e-85,0.0002998833453786477
53,51677.0,0.08695652173913043,0.17391304347826086,0.07246376811594203,0.6666666666666667
54,51678.0,8.567627534815917e-82,0.47619047619047616,8.567627534815917e-82,0.5238095238095237
55,51679.0,3.598403564622685e-82,0.06666666666666667,3.598403564622685e-82,0.9333333333333333
56,51680.0,0.16216216216216217,0.16216216216216217,0.05405405405405406,0.6216216216216217
57,51681.0,8.594912972824886e-82,0.1592356687898089,0.04777070063694268,0.7929936305732483
58,51682.0,5.681689838877924e-82,0.15789473684210525,5.681689838877924e-82,0.8421052631578947
59,51683.0,3.1750619687847222e-81,3.1750619687847222e-81,3.1750619687847222e-81,1.0
60,51684.0,1.007015922935453e-81,0.055970149253731345,0.06529850746268656,0.878731343283582
61,51685.0,2.2121333389073886e-81,0.12295081967213115,2.2121333389073886e-81,0.8770491803278688
62,51686.0,9.306216115403496e-82,0.13793103448275862,9.306216115403496e-82,0.8620689655172414
63,51687.0,7.528040930172981e-82,0.10460251046025104,7.528040930172981e-82,0.895397489539749
64,51688.0,1.1994678548742284e-81,0.2222222222222222,1.1994678548742284e-81,0.7777777777777777
65,51689.0,9.995565457285237e-82,0.2777777777777778,0.07407407407407407,0.6481481481481481
66,51690.0,1.0521647849773933e-81,0.16569200779727095,1.0521647849773933e-81,0.834307992202729
67,51691.0,0.22384937238493724,0.10460251046025104,5.646030697629736e-82,0.6715481171548117
68,51692.0,4.8496004914052365e-82,0.7699910152740341,4.8496004914052365e-82,0.23000898472596584
69,51693.0,0.25,0.25,0.25,0.25
70,51694.0,1.349401336733507e-81,0.25,1.349401336733507e-81,0.75
71,51695.0,0.1111111111111111,0.2222222222222222,5.997339274371142e-82,0.6666666666666667
72,51696.0,1.2640761936613648e-81,0.09836065573770492,1.2640761936613648e-81,0.9016393442622951
73,51697.0,8.848533355629554e-82,0.32786885245901637,0.2459016393442623,0.4262295081967213
74,51698.0,0.1792452830188679,0.11635220125786164,5.657867239972776e-82,0.7044025157232704
75,51699.0,2.159042138773611e-81,0.2,2.159042138773611e-81,0.8
76,51700.0,0.13821138211382114,8.77659406005533e-82,0.027642276422764227,0.8341463414634146
77,51701.0,8.178189919597012e-82,0.06060606060606061,8.178189919597012e-82,0.9393939393939393
78,51702.0,0.11764705882352941,6.350123937569444e-82,0.058823529411764705,0.823529411764706
79,51703.0,0.06956521739130435,9.38713973379831e-82,9.38713973379831e-82,0.9304347826086956
80,51704.0,1.542172956266865e-81,1.542172956266865e-81,1.542172956266865e-81,1.0
81,51705.0,8.996008911556714e-82,0.3333333333333333,8.996008911556714e-82,0.6666666666666666
82,51706.0,5.0539375907621985e-82,0.40074906367041196,0.03745318352059925,0.5617977528089888
83,51707.0,1.9140444492673857e-81,0.14184397163120568,1.9140444492673857e-81,0.8581560283687943
84,51708.0,5.564541594777348e-82,0.07216494845360824,5.564541594777348e-82,0.9278350515463918
85,51709.0,7.710864781334326e-82,0.2857142857142857,7.710864781334326e-82,0.7142857142857143
86,51710.0,0.05825242718446602,0.3300970873786408,0.04854368932038835,0.5631067961165048
87,51711.0,0.25,1.349401336733507e-81,1.349401336733507e-81,0.75
88,51712.0,0.4999925001049985,1.4999790002939959e-05,2.6987648907585434e-85,0.4999925001049985
89,51713.0,0.08291873963515754,0.20729684908789386,8.951252648315138e-82,0.7097844112769486
90,51714.0,9.813827903516414e-82,0.5454545454545454,9.813827903516414e-82,0.45454545454545453
91,51715.0,0.17407605784681307,0.3438671665773969,2.891058032637401e-82,0.48205677557579
92,51716.0,7.710864781334326e-82,0.14285714285714285,7.710864781334326e-82,0.8571428571428572
93,51717.0,6.168691825067461e-82,0.22857142857142856,0.08571428571428572,0.6857142857142857
94,51718.0,6.747006683667535e-82,6.747006683667535e-82,6.747006683667535e-82,1.0
95,51719.0,2.4258900435658553e-82,0.449438202247191,0.056179775280898875,0.4943820224719101
96,51720.0,0.19937694704049844,8.407484964071694e-82,8.407484964071694e-82,0.8006230529595015
97,51721.0,3.3735033418337676e-81,3.3735033418337676e-81,3.3735033418337676e-81,1.0
98,51722.0,0.10418695228821812,0.10418695228821812,0.04089581304771178,0.750730282375852
99,51723.0,7.064928464573335e-82,0.2801047120418848,0.06544502617801047,0.6544502617801047
100,51724.0,5.225174585608933e-82,0.02904162633107454,0.03872216844143272,0.9322362052274927
101,51725.0,1.1435604548589042e-81,0.2542372881355932,0.0211864406779661,0.7245762711864406
102,51726.0,6.721799933915352e-82,0.18679950186799502,0.09339975093399751,0.7198007471980075
103,51727.0,1.3947300638072424e-81,0.05167958656330749,1.3947300638072424e-81,0.9483204134366925
104,51728.0,1.3164891090082995e-81,0.024390243902439025,1.3164891090082995e-81,0.975609756097561
105,51729.0,4.8627075197603856e-82,0.0990990990990991,4.8627075197603856e-82,0.9009009009009009
106,51730.0,3.5984035646226855e-81,3.5984035646226855e-81,3.5984035646226855e-81,1.0
107,51731.0,2.159042138773611e-81,0.2,0.2,0.6
108,51732.0,1.4588122559281157e-81,0.40540540540540543,0.05405405405405406,0.5405405405405406
109,51733.0,1.2640761936613648e-81,0.2997658079625293,0.40046838407494145,0.2997658079625293
110,51734.0,6.747006683667535e-82,0.375,6.747006683667535e-82,0.625
111,51735.0,0.058823529411764705,0.19607843137254902,1.0583539895949074e-81,0.7450980392156863
112,51736.0,1.0521647849773933e-81,0.16569200779727095,1.0521647849773933e-81,0.834307992202729
113,51737.0,2.159042138773611e-81,0.4,2.159042138773611e-81,0.6
114,51738.0,0.25311203319502074,5.59917567109339e-82,5.59917567109339e-82,0.7468879668049793
115,51739.0,7.914377341545495e-82,0.05865102639296188,7.914377341545495e-82,0.9413489736070382
116,51740.0,2.698802673467014e-81,2.698802673467014e-81,2.698802673467014e-81,1.0
117,51741.0,1.8296967277742467e-81,0.288135593220339,1.8296967277742467e-81,0.711864406779661
118,51742.0,0.1351010101010101,0.3244949494949495,6.815158266330844e-82,0.5404040404040404
119,51743.0,0.11428571428571428,0.17142857142857143,6.168691825067461e-82,0.7142857142857142
120,51744.0,0.03361344537815126,0.33613445378151263,4.5358028125496035e-82,0.6302521008403361
121,51745.0,0.13333333333333333,0.13333333333333333,0.06666666666666667,0.6666666666666666
122,51746.0,0.1724137931034483,0.06896551724137931,0.06896551724137931,0.6896551724137931
123,51747.0,1.6608016452104701e-81,0.23076923076923078,1.6608016452104701e-81,0.7692307692307693
124,51748.0,1.2048226220834883e-81,0.044642857142857144,1.2048226220834883e-81,0.9553571428571429
125,51749.0,1.2048226220834883e-81,1.2048226220834883e-81,0.044642857142857144,0.9553571428571429
126,51750.0,7.19680712924537e-82,0.5333333333333333,7.19680712924537e-82,0.4666666666666667
127,51751.0,1.0795210693868056e-81,0.3,0.1,0.6000000000000001
128,51752.0,1.805219179576598e-81,1.805219179576598e-81,1.805219179576598e-81,1.0
129,51753.0,5.886156321629256e-82,0.13631406761177753,0.09269356597600872,0.7709923664122138
130,51754.0,9.38713973379831e-82,0.30434782608695654,9.38713973379831e-82,0.6956521739130435
131,51755.0,0.15,1.349401336733507e-81,0.1,0.75
132,51756.0,,,,
133,51757.0,7.055693263966049e-82,0.05228758169934641,0.032679738562091505,0.9150326797385621
134,51758.0,0.09433962264150944,0.12578616352201258,0.06289308176100629,0.7169811320754716
135,51759.0,1.0380010282565439e-81,0.23076923076923078,1.0380010282565439e-81,0.7692307692307693
136,51760.0,9.995565457285237e-82,0.07407407407407407,9.995565457285237e-82,0.9259259259259259
137,51761.0,1.4993348185927856e-81,0.1111111111111111,0.05555555555555555,0.8333333333333334
138,51762.0,9.306216115403496e-82,0.06896551724137931,0.06896551724137931,0.8620689655172413
139,51763.0,7.822616444831925e-82,0.43478260869565216,0.057971014492753624,0.5072463768115942
140,51764.0,0.08547008547008547,0.27350427350427353,2.3066689516812087e-81,0.6410256410256411
141,51765.0,0.09435626102292768,0.30158730158730157,0.07495590828924162,0.5291005291005291
142,51766.0,6.747006683667535e-82,0.375,6.747006683667535e-82,0.625
143,51767.0,1.6762749524639837e-81,0.15527950310559005,1.6762749524639837e-81,0.84472049689441
144,51768.0,1.542172956266865e-81,0.42857142857142855,1.542172956266865e-81,0.5714285714285714
145,51769.0,0.07547169811320754,0.18867924528301888,0.09433962264150944,0.6415094339622641
146,51770.0,0.16837136113296616,0.15735641227380015,4.246739061317095e-82,0.6742722265932337
147,51771.0,0.1935483870967742,0.12903225806451613,0.025806451612903226,0.6516129032258065
148,51772.0,0.15625,0.3125,0.0625,0.46875
149,51773.0,0.004837929366231253,0.559748427672956,0.04837929366231253,0.3870343492985002
150,51774.0,9.813827903516414e-82,0.7272727272727273,9.813827903516414e-82,0.2727272727272727
151,51775.0,4.1520041130261755e-81,4.1520041130261755e-81,0.23076923076923078,0.7692307692307693
152,51776.0,2.6983331634965654e-85,0.4999125152223513,0.4999125152223513,0.00017496955529737825
153,51777.0,0.18181818181818182,0.18181818181818182,9.813827903516414e-82,0.6363636363636364
154,51778.0,0.9997400673225635,2.4993526676590763e-05,5.396207729132183e-85,0.00023493915075995317
155,51779.0,9.813827903516414e-82,9.813827903516414e-82,9.813827903516414e-82,1.0
156,51780.0,0.020833333333333332,0.3125,0.041666666666666664,0.625
157,51781.0,8.304008226052351e-82,0.7692307692307693,8.304008226052351e-82,0.23076923076923078
158,51782.0,1.0795210693868056e-81,0.1,0.1,0.8
159,51783.0,2.840844919438962e-81,0.15789473684210525,2.840844919438962e-81,0.8421052631578947
160,51784.0,8.178189919597012e-82,0.15151515151515152,0.09090909090909091,0.7575757575757576
161,51785.0,0.08333333333333333,0.0625,5.622505569722946e-82,0.8541666666666666
162,51786.0,0.03389830508474576,0.1694915254237288,0.0847457627118644,0.711864406779661
163,51787.0,5.397605346934028e-82,5.397605346934028e-82,5.397605346934028e-82,1.0
164,51788.0,1.542172956266865e-81,1.542172956266865e-81,1.542172956266865e-81,1.0
165,51789.0,1.9627655807032829e-81,0.2727272727272727,1.9627655807032829e-81,0.7272727272727273
166,51790.0,2.698802673467014e-81,2.698802673467014e-81,2.698802673467014e-81,1.0
167,51791.0,1.6867516709168838e-81,0.0625,1.6867516709168838e-81,0.9375
168,51792.0,0.10078740157480315,0.11233595800524934,2.8333886335611695e-82,0.7868766404199474
169,51793.0,1.2851441302223877e-81,0.35714285714285715,0.047619047619047616,0.5952380952380952
170,51794.0,0.1,0.1,1.0795210693868056e-81,0.8
171,51795.0,8.304008226052351e-82,0.038461538461538464,0.07692307692307693,0.8846153846153846
172,51796.0,0.12269938650306748,0.12269938650306748,0.018404907975460124,0.7361963190184049
173,51797.0,4.028063691741812e-82,0.14925373134328357,0.029850746268656716,0.8208955223880596
174,51798.0,0.4999375077490391,0.0001249845019217617,2.698468063427149e-85,0.4999375077490391
175,51799.0,0.15763546798029557,0.15763546798029557,6.647297225288212e-82,0.6847290640394089
176,51800.0,8.304008226052351e-82,0.07692307692307693,8.304008226052351e-82,0.9230769230769231
177,51801.0,0.058823529411764705,0.35294117647058826,0.17647058823529413,0.411764705882353
178,51802.0,0.3330739299610895,4.200471087108193e-82,4.200471087108193e-82,0.6669260700389105
179,51803.0,1.1994678548742285e-80,1.1994678548742285e-80,1.1994678548742285e-80,1.0
180,51804.0,0.10873983739837398,0.05589430894308943,0.03048780487804878,0.8048780487804879
181,51805.0,1.6356379839194024e-81,0.06060606060606061,1.6356379839194024e-81,0.9393939393939394
182,51806.0,0.5,2.698805372272386e-85,2.698805372272386e-85,0.5
183,51807.0,5.395301553170824e-85,0.9995721826779965,5.395301553170824e-85,0.0004278173220035045
184,51808.0,0.058823529411764705,0.058823529411764705,0.14705882352941177,0.7352941176470589
185,51809.0,0.058823529411764705,0.17647058823529413,0.058823529411764705,0.7058823529411765
186,51810.0,9.46948306479654e-82,0.2631578947368421,9.46948306479654e-82,0.7368421052631579
187,51811.0,4.73474153239827e-82,0.03508771929824561,4.73474153239827e-82,0.9649122807017544
188,51812.0,1.0795210693868056e-81,0.2,1.0795210693868056e-81,0.8
189,51813.0,0.0620891161431702,0.46895544192841493,3.942735826832745e-82,0.46895544192841493
190,51814.0,8.368380382843454e-82,0.09302325581395349,8.368380382843454e-82,0.9069767441860466
191,51815.0,0.16775884665792923,0.1310615989515072,7.074187872783785e-82,0.7011795543905636
192,51816.0,1.8296967277742467e-81,0.288135593220339,1.8296967277742467e-81,0.711864406779661
193,51817.0,3.5984035646226855e-81,3.5984035646226855e-81,3.5984035646226855e-81,1.0
194,51818.0,4.653108057701748e-82,0.43103448275862066,0.13793103448275862,0.43103448275862066
195,51819.0,1.5119342708498678e-81,0.15966386554621848,1.5119342708498678e-81,0.8403361344537815
196,51820.0,0.07163323782234957,0.06876790830945559,7.732958949762217e-82,0.8595988538681948
197,51821.0,7.710864781334326e-82,0.42857142857142855,7.710864781334326e-82,0.5714285714285714
198,51822.0,0.020833333333333332,0.26666666666666666,0.17708333333333334,0.5354166666666667
199,51823.0,1.741163015140009e-81,0.12903225806451613,0.06451612903225806,0.8064516129032258
200,51824.0,0.030349013657056147,0.3899848254931715,0.0637329286798179,0.5159332321699545
201,51825.0,1.420422459719481e-81,0.21052631578947367,1.420422459719481e-81,0.7894736842105263
202,51826.0,1.1129083189554697e-81,1.1129083189554697e-81,1.1129083189554697e-81,1.0
203,51827.0,1.0709534418519896e-81,0.0992063492063492,0.047619047619047616,0.8531746031746031
204,51828.0,2.698802673467014e-81,2.698802673467014e-81,2.698802673467014e-81,1.0
205,51829.0,0.09433962264150944,0.12578616352201258,0.06289308176100629,0.7169811320754716
206,51830.0,0.19090098126672614,0.04460303300624442,4.814991388879597e-82,0.7644959857270295
207,51831.0,4.693569866899155e-82,0.34782608695652173,0.13043478260869565,0.5217391304347826
208,51832.0,7.710864781334326e-82,0.14285714285714285,7.710864781334326e-82,0.8571428571428571
209,51833.0,2.698802673467014e-81,0.35,0.15,0.5
210,51834.0,0.21052631578947367,1.420422459719481e-81,1.420422459719481e-81,0.7894736842105263
211,51835.0,1.1733924667247887e-81,0.13043478260869565,1.1733924667247887e-81,0.8695652173913043
212,51836.0,0.09090909090909091,0.30303030303030304,1.6356379839194024e-81,0.6060606060606061
213,51837.0,4.915851864238641e-82,0.02459016393442623,4.915851864238641e-82,0.9754098360655737
214,51838.0,7.63451958547953e-82,0.14144271570014144,0.15134370579915135,0.7072135785007072
215,51839.0,1.1245011139445891e-81,0.3125,0.0625,0.625
216,51840.0,6.387698635424885e-82,0.08284023668639054,0.07100591715976332,0.8461538461538461
217,51841.0,0.11531531531531532,0.3855855855855856,4.8627075197603856e-82,0.4990990990990991
218,51842.0,1.420422459719481e-81,0.07894736842105263,1.420422459719481e-81,0.9210526315789473
219,51843.0,0.1388888888888889,7.496674092963928e-82,0.027777777777777776,0.8333333333333333
220,51844.0,1.741163015140009e-81,0.1935483870967742,0.16129032258064516,0.6451612903225806
221,51845.0,0.046511627906976744,0.11627906976744186,1.255257057426518e-81,0.8372093023255814
222,51846.0,0.1045510455104551,0.36900369003690037,6.639120967938534e-82,0.5264452644526445
223,51847.0,1.4993348185927856e-81,0.16666666666666666,1.4993348185927856e-81,0.8333333333333334
224,51848.0,4.653108057701748e-82,0.06896551724137931,0.12931034482758622,0.8017241379310345
225,51849.0,0.051698670605613,7.972829168292508e-82,7.972829168292508e-82,0.948301329394387
226,51850.0,1.1994678548742284e-81,0.1111111111111111,1.1994678548742284e-81,0.8888888888888888
227,51851.0,0.03225806451612903,5.803876717133363e-82,5.803876717133363e-82,0.967741935483871
228,51852.0,6.680204637294589e-82,0.024752475247524754,6.680204637294589e-82,0.9752475247524752
229,51853.0,0.1,0.1,1.0795210693868056e-81,0.8
230,51854.0,6.3501239375694445e-81,6.3501239375694445e-81,6.3501239375694445e-81,1.0
231,51855.0,1.7992017823113427e-81,1.7992017823113427e-81,1.7992017823113427e-81,1.0
232,51856.0,4.73474153239827e-82,0.23684210526315788,0.017543859649122806,0.7456140350877193
233,51857.0,0.07886629698089957,0.09242144177449169,0.036968576709796676,0.791743684534812
234,51858.0,1.7992017823113427e-81,1.7992017823113427e-81,1.7992017823113427e-81,1.0
235,51859.0,5.424728991893496e-82,0.020100502512562814,0.02512562814070352,0.9547738693467337
236,51860.0,7.822616444831925e-82,0.43478260869565216,0.057971014492753624,0.5072463768115942
237,51861.0,9.813827903516414e-82,0.09090909090909091,9.813827903516414e-82,0.9090909090909091
238,51862.0,0.05228758169934641,0.13071895424836602,7.055693263966049e-82,0.8169934640522876
239,51863.0,1.9991130914570474e-81,1.9991130914570474e-81,0.07407407407407407,0.9259259259259259
240,51864.0,8.996008911556714e-82,0.3333333333333333,8.996008911556714e-82,0.6666666666666666
241,51865.0,8.304008226052351e-82,0.3076923076923077,0.07692307692307693,0.6153846153846154
242,51866.0,9.831703728477282e-82,0.03825136612021858,9.831703728477282e-82,0.9617486338797815
243,51867.0,0.0879725085910653,0.0879725085910653,0.0879725085910653,0.7360824742268042
244,51868.0,1.2408288153871328e-81,0.6896551724137931,1.2408288153871328e-81,0.3103448275862069
245,51869.0,0.031826861871419476,0.4907702100572883,0.031826861871419476,0.44557606619987267
246,51870.0,1.090425322612935e-81,0.04040404040404041,1.090425322612935e-81,0.9595959595959596
247,51871.0,0.2,0.2,0.2,0.4
248,51872.0,2.697726280681022e-85,0.4998000797681725,0.4998000797681725,0.00039984046365500165
249,51873.0,8.304008226052351e-82,0.3076923076923077,0.07692307692307693,0.6153846153846154
250,51874.0,0.12213740458015267,0.1431297709923664,0.12213740458015267,0.6125954198473282
251,51875.0,0.05483028720626632,1.4092964352308167e-81,1.4092964352308167e-81,0.9451697127937337
252,51876.0,8.705815075700045e-82,0.0967741935483871,0.0967741935483871,0.8064516129032258
253,51877.0,0.05,0.2,0.05,0.7
254,51878.0,0.08695652173913043,0.2608695652173913,2.3467849334495774e-81,0.6521739130434783
255,51879.0,6.875930378259908e-82,0.03821656050955414,0.02929936305732484,0.932484076433121
256,51880.0,0.07234042553191489,0.01702127659574468,4.593706678241726e-82,0.9106382978723404
257,51881.0,1.4787959854613775e-81,0.0684931506849315,1.4787959854613775e-81,0.9315068493150684
258,51882.0,4.129766906605989e-82,0.6557000765110941,4.129766906605989e-82,0.34429992348890587
259,51883.0,8.705815075700045e-82,8.705815075700045e-82,0.03225806451612903,0.967741935483871
260,51884.0,0.04918032786885246,0.04918032786885246,0.08196721311475409,0.819672131147541
261,51885.0,0.047284345047923323,0.12779552715654952,0.07667731629392971,0.7482428115015975
262,51886.0,1.3769401395239866e-81,0.12755102040816327,1.3769401395239866e-81,0.8724489795918368
263,51887.0,0.0001996992529250948,0.9984952661292094,0.00010683910031492572,0.0011981955175505688
264,51888.0,0.04854368932038835,1.0480787081425296e-81,0.0970873786407767,0.8543689320388349
265,51889.0,0.11235955056179775,0.056179775280898875,0.056179775280898875,0.7752808988764045
266,51890.0,0.15625,0.03125,0.03125,0.78125
267,51891.0,3.968827460980903e-82,0.05514705882352941,3.968827460980903e-82,0.9448529411764706
268,51892.0,2.698802673467014e-81,2.698802673467014e-81,2.698802673467014e-81,1.0
269,51893.0,0.14285714285714285,0.14285714285714285,0.17857142857142858,0.5357142857142857
270,51894.0,6.832411831562061e-82,0.11392405063291139,0.12658227848101267,0.759493670886076
271,51895.0,2.398935709748457e-81,0.5555555555555556,2.398935709748457e-81,0.4444444444444444
272,51896.0,6.639120967938534e-82,0.21033210332103322,6.639120967938534e-82,0.7896678966789668
273,51897.0,0.11531531531531532,0.3855855855855856,4.8627075197603856e-82,0.4990990990990991
274,51898.0,2.698802673467014e-81,2.698802673467014e-81,2.698802673467014e-81,1.0
275,51899.0,1.2700247875138888e-81,0.17647058823529413,1.2700247875138888e-81,0.8235294117647058
276,51900.0,0.11494252873563218,0.28735632183908044,0.022988505747126436,0.5747126436781609
277,51901.0,9.403493635773568e-82,0.4355400696864111,0.10452961672473868,0.45993031358885017
278,51902.0,0.10526315789473684,1.1363379677755848e-81,0.18947368421052632,0.7052631578947368
279,51903.0,9.813827903516414e-82,0.18181818181818182,9.813827903516414e-82,0.8181818181818181
280,51904.0,2.685375794494541e-81,0.04975124378109453,0.09950248756218906,0.8507462686567164
281,51905.0,7.254845896416705e-82,0.13440860215053763,0.10752688172043011,0.7580645161290323
282,51906.0,0.024390243902439025,0.34146341463414637,0.14634146341463414,0.4878048780487805
283,51907.0,1.9277161953335813e-81,0.03571428571428571,1.9277161953335813e-81,0.9642857142857142
284,51908.0,0.2152428810720268,4.5206074932445795e-82,4.5206074932445795e-82,0.7847571189279732
285,51909.0,1.8484949818267218e-81,0.3424657534246575,1.8484949818267218e-81,0.6575342465753424
286,51910.0,7.549098387320319e-82,7.549098387320319e-82,0.04195804195804196,0.958041958041958
287,51911.0,0.11764705882352941,0.058823529411764705,6.350123937569444e-82,0.8235294117647058
288,51912.0,6.680204637294589e-82,0.024752475247524754,6.680204637294589e-82,0.9752475247524752
289,51913.0,0.022911051212938006,0.03369272237196765,1.454880147421571e-82,0.9433962264150944
290,51914.0,4.5017559190442266e-82,4.5017559190442266e-82,4.5017559190442266e-82,1.0
291,51915.0,2.4534569758791035e-81,0.09090909090909091,2.4534569758791035e-81,0.9090909090909091
292,51916.0,1.0795210693868056e-81,1.0795210693868056e-81,1.0795210693868056e-81,1.0
293,51917.0,0.1111111111111111,5.997339274371142e-82,0.2222222222222222,0.6666666666666666
294,51918.0,1.6867516709168838e-81,0.25,0.125,0.625
295,51919.0,0.09653092006033183,0.2579185520361991,8.141184535345442e-82,0.6455505279034691
296,51920.0,0.19047619047619047,0.14285714285714285,5.1405765208895504e-82,0.6666666666666666
297,51921.0,2.698802673467014e-81,0.25,2.698802673467014e-81,0.75
298,51922.0,,,,
299,51923.0,8.594912972824886e-82,0.1592356687898089,8.594912972824886e-82,0.840764331210191
300,51924.0,4.8627075197603856e-82,0.13513513513513514,0.05405405405405406,0.8108108108108109
301,51925.0,2.522245489221508e-81,2.522245489221508e-81,2.522245489221508e-81,1.0
302,51926.0,4.294037666614183e-82,4.294037666614183e-82,0.20445505171042164,0.7955449482895783
303,51927.0,8.996008911556714e-82,0.3333333333333333,8.996008911556714e-82,0.6666666666666666
304,51928.0,6.3501239375694445e-81,6.3501239375694445e-81,6.3501239375694445e-81,1.0
305,51929.0,0.04827586206896552,0.22988505747126436,1.2408288153871328e-81,0.7218390804597701
306,51930.0,2.698802673467014e-81,2.698802673467014e-81,2.698802673467014e-81,1.0
307,51931.0,3.5003925725901606e-82,0.5836575875486382,3.5003925725901606e-82,0.4163424124513619
308,51932.0,1.7639233159915124e-81,0.013071895424836602,0.006535947712418301,0.9803921568627451
309,51933.0,0.08187134502923976,0.3333333333333333,1.0521647849773933e-81,0.5847953216374269
310,51934.0,1.57824717746609e-81,0.12280701754385964,1.57824717746609e-81,0.8771929824561403
311,51935.0,0.125,0.1875,0.0625,0.625
312,51936.0,0.1,0.2,5.397605346934028e-82,0.7
313,51937.0,0.08333333333333333,0.0625,5.622505569722946e-82,0.8541666666666666
314,51938.0,6.747006683667535e-82,0.25,6.747006683667535e-82,0.75
315,51939.0,2.5198904514164464e-82,2.5198904514164464e-82,2.5198904514164464e-82,1.0
316,51940.0,9.452899031408105e-82,9.452899031408105e-82,0.29947460595446584,0.7005253940455342
317,51941.0,2.998669637185571e-81,0.2777777777777778,0.05555555555555555,0.6666666666666666
318,51942.0,1.1508753404976605e-81,0.10660980810234541,1.1508753404976605e-81,0.8933901918976546
319,51943.0,1.1733924667247887e-81,0.32608695652173914,1.1733924667247887e-81,0.6739130434782609
320,51944.0,5.039780902832893e-82,5.039780902832893e-82,5.039780902832893e-82,1.0
321,51945.0,0.1875,0.25,6.747006683667535e-82,0.5625
322,51946.0,1.090425322612935e-81,0.04040404040404041,1.090425322612935e-81,0.9595959595959596
323,51947.0,0.019417475728155338,0.14563106796116504,0.05825242718446602,0.7766990291262136
324,51948.0,0.1111111111111111,0.044444444444444446,0.06666666666666667,0.7777777777777777
325,51949.0,2.3467849334495774e-81,0.13043478260869565,2.3467849334495774e-81,0.8695652173913043
326,51950.0,0.04970414201183432,0.23668639053254437,0.029585798816568046,0.6840236686390533
327,51951.0,2.159042138773611e-81,0.2,2.159042138773611e-81,0.8
328,51952.0,7.879715834940186e-82,0.37518248175182484,7.879715834940186e-82,0.6248175182481752
329,51953.0,0.2,0.06666666666666667,0.03333333333333333,0.7
330,51954.0,9.813827903516414e-82,0.18181818181818182,9.813827903516414e-82,0.8181818181818182
331,51955.0,8.996008911556714e-82,8.996008911556714e-82,8.996008911556714e-82,1.0
332,51956.0,9.813827903516414e-82,0.09090909090909091,0.09090909090909091,0.8181818181818182
333,51957.0,1.1994678548742284e-81,0.1,1.1994678548742284e-81,0.9
334,51958.0,0.047619047619047616,0.07936507936507936,8.567627534815917e-82,0.873015873015873
335,51959.0,0.056179775280898875,0.016853932584269662,3.0323625544573193e-82,0.9269662921348314
336,51960.0,0.1640625,2.1084395886461046e-81,2.1084395886461046e-81,0.8359375
337,51961.0,0.15159574468085107,0.22163120567375885,0.044326241134751775,0.5824468085106383
338,51962.0,5.507760558095946e-81,0.15306122448979592,5.507760558095946e-81,0.8469387755102041
339,51963.0,7.879715834940186e-82,0.37518248175182484,7.879715834940186e-82,0.6248175182481752
340,51964.0,9.604279976750939e-82,0.1512455516014235,0.08896797153024912,0.7597864768683275
341,51965.0,0.08333333333333333,0.25,8.996008911556714e-82,0.6666666666666666
342,51966.0,5.390872147621648e-85,0.00019975051161099787,4.993762790274947e-05,0.9997503118604864
343,51967.0,0.1,0.1,1.0795210693868056e-81,0.8
344,51968.0,3.3735033418337676e-81,0.3125,3.3735033418337676e-81,0.6875
345,51969.0,1.9277161953335813e-81,0.17857142857142858,1.9277161953335813e-81,0.8214285714285714
346,51970.0,0.046699875466998754,0.21793275217932753,3.360899966957676e-82,0.7353673723536738
347,51971.0,8.407484964071694e-82,8.407484964071694e-82,8.407484964071694e-82,1.0
348,51972.0,0.06635071090047394,0.11058451816745656,8.527022664982666e-82,0.8230647709320695
349,51973.0,6.098989092580823e-82,0.22598870056497175,0.11299435028248588,0.6610169491525424
350,51974.0,0.09090909090909091,0.2597402597402597,7.009877073940296e-82,0.6493506493506493
351,51975.0,5.175077034452567e-82,0.038350910834132314,0.04410354745925216,0.9175455417066155
352,51976.0,7.19680712924537e-82,0.3333333333333333,7.19680712924537e-82,0.6666666666666666
353,51977.0,1.4993348185927856e-81,1.4993348185927856e-81,1.4993348185927856e-81,1.0
354,51978.0,1.7992017823113427e-81,1.7992017823113427e-81,1.7992017823113427e-81,1.0
355,51979.0,5.742133347802157e-82,0.0425531914893617,5.742133347802157e-82,0.9574468085106383
356,51980.0,0.08695652173913043,0.043478260869565216,7.822616444831925e-82,0.8695652173913043
357,51981.0,6.410457656691245e-82,0.00831353919239905,6.410457656691245e-82,0.991686460807601
358,51982.0,7.710864781334326e-82,0.2857142857142857,0.2857142857142857,0.42857142857142855
359,51983.0,0.26666666666666666,0.1111111111111111,4.797871419496914e-82,0.6222222222222222
360,51984.0,0.03928905519176801,0.2404115996258185,0.03928905519176801,0.6810102899906454
361,51985.0,7.879715834940186e-82,0.37518248175182484,7.879715834940186e-82,0.6248175182481752
362,51986.0,1.9277161953335813e-81,0.2857142857142857,1.9277161953335813e-81,0.7142857142857143
363,51987.0,6.639120967938534e-82,0.21033210332103322,6.639120967938534e-82,0.7896678966789668
364,51988.0,1.2851441302223877e-81,0.047619047619047616,1.2851441302223877e-81,0.9523809523809523
365,51989.0,7.083471583902924e-82,0.03280839895013123,0.028871391076115485,0.9383202099737532
366,51990.0,8.178189919597012e-82,0.09090909090909091,8.178189919597012e-82,0.9090909090909091
367,51991.0,0.075,0.175,1.349401336733507e-81,0.75
368,51992.0,1.7992017823113427e-81,0.3333333333333333,1.7992017823113427e-81,0.6666666666666666
369,51993.0,0.08196721311475409,0.16393442622950818,8.848533355629554e-82,0.7540983606557377
370,51994.0,0.05240174672489083,0.07423580786026202,4.714065805182557e-82,0.8733624454148472
371,51995.0,0.49995150465555305,2.6985436132801393e-85,0.49995150465555305,9.699068889386619e-05
372,51996.0,7.496674092963928e-82,0.2777777777777778,7.496674092963928e-82,0.7222222222222222
373,51997.0,4.318084277547222e-81,4.318084277547222e-81,4.318084277547222e-81,1.0
374,51998.0,1.0795210693868056e-81,0.2,1.0795210693868056e-81,0.8
375,51999.0,1.4993348185927856e-81,0.16666666666666666,1.4993348185927856e-81,0.8333333333333334
376,52000.0,6.503138972209673e-82,0.07228915662650602,6.503138972209673e-82,0.927710843373494
377,52001.0,5.1065329677710765e-82,0.0946073793755913,5.1065329677710765e-82,0.9053926206244087
378,52002.0,2.698802673467014e-81,2.698802673467014e-81,2.698802673467014e-81,1.0
379,52003.0,4.356420780414873e-82,0.48426150121065376,0.06860371267150928,0.44713478611783697
380,52004.0,0.06329113924050633,0.25316455696202533,0.05063291139240506,0.6329113924050633
381,52005.0,3.74855118496701e-05,0.49980632485544335,0.49980632485544335,0.0003498647772635876
382,52006.0,1.542172956266865e-81,0.42857142857142855,1.542172956266865e-81,0.5714285714285714
383,52007.0,8.705815075700045e-82,0.06451612903225806,8.705815075700045e-82,0.935483870967742
384,52008.0,1.4828586117950627e-81,1.4828586117950627e-81,0.06868131868131869,0.9313186813186812
385,52009.0,2.4534569758791036e-82,0.3181818181818182,2.4534569758791036e-82,0.6818181818181818
386,52010.0,0.13793103448275862,0.13793103448275862,0.10344827586206896,0.6206896551724138
387,52011.0,0.05263157894736842,0.3508771929824561,0.03508771929824561,0.5614035087719298
388,52012.0,1.0795210693868056e-81,0.4,1.0795210693868056e-81,0.6
389,52013.0,1.1484266695604315e-81,0.14893617021276595,1.1484266695604315e-81,0.851063829787234
390,52014.0,1.349401336733507e-81,0.25,1.349401336733507e-81,0.75
391,52015.0,0.06666666666666667,0.16666666666666666,0.1,0.6666666666666666
392,52016.0,5.391157522537073e-85,0.9988044299018374,3.995221714829065e-05,0.001155617881014307
393,52017.0,0.06896551724137931,0.3448275862068966,3.7224864461613985e-81,0.5862068965517242
394,52018.0,9.813827903516414e-82,0.2727272727272727,0.09090909090909091,0.6363636363636364
395,52019.0,0.06172839506172839,0.04938271604938271,6.663710304856824e-82,0.8888888888888888
396,52020.0,8.304008226052351e-82,8.304008226052351e-82,8.304008226052351e-82,1.0
397,52021.0,5.395452561362045e-85,0.999600159536345,5.395452561362045e-85,0.00039984046365500165
398,52022.0,9.725415039520771e-82,9.725415039520771e-82,0.0990990990990991,0.9009009009009009
399,52023.0,9.148483638871233e-82,0.5084745762711864,9.148483638871233e-82,0.4915254237288135
400,52024.0,1.4166943167805847e-81,0.1679790026246719,0.15748031496062992,0.6745406824146981
401,52025.0,6.747006683667535e-82,0.25,0.125,0.625
402,52026.0,2.998669637185571e-81,0.2777777777777778,0.05555555555555555,0.6666666666666666
403,52027.0,2.2490022278891783e-81,2.2490022278891783e-81,2.2490022278891783e-81,1.0
404,52028.0,1.420422459719481e-81,0.07894736842105263,1.420422459719481e-81,0.9210526315789473
405,52029.0,5.039780902832893e-82,5.039780902832893e-82,5.039780902832893e-82,1.0
406,52030.0,7.009877073940296e-82,0.15584415584415584,7.009877073940296e-82,0.8441558441558441
407,52031.0,0.1111111111111111,0.1111111111111111,5.997339274371142e-82,0.7777777777777778
408,52032.0,0.0625,1.349401336733507e-81,1.349401336733507e-81,0.9375
409,52033.0,0.16732026143790849,0.10457516339869281,7.055693263966049e-82,0.7281045751633987
410,52034.0,1.0795210693868056e-81,1.0795210693868056e-81,1.0795210693868056e-81,1.0
411,52035.0,8.433758354584419e-82,0.0625,8.433758354584419e-82,0.9375
412,52036.0,0.11764705882352941,3.1750619687847222e-81,3.1750619687847222e-81,0.8823529411764706
413,52037.0,8.567627534815917e-82,0.15873015873015872,0.047619047619047616,0.7936507936507936
414,52038.0,0.12405797101449276,0.1391304347826087,0.057971014492753624,0.678840579710145
415,52039.0,0.25,0.1,2.698802673467014e-81,0.65
416,52040.0,0.17540983606557378,0.12295081967213115,8.848533355629554e-82,0.7016393442622951
417,52041.0,0.1111111111111111,1.1994678548742284e-81,1.1994678548742284e-81,0.8888888888888888
418,52042.0,0.1111111111111111,0.1388888888888889,0.05555555555555555,0.6944444444444444
419,52043.0,5.951053304227153e-82,0.33076074972436603,0.05512679162072767,0.6141124586549063
420,52044.0,0.05613850996852046,0.15739769150052466,2.8319020707943484e-82,0.7864637985309548
421,52045.0,1.1994678548742284e-81,0.1111111111111111,1.1994678548742284e-81,0.8888888888888888
422,52046.0,0.03409090909090909,0.5681818181818182,0.056818181818181816,0.3409090909090909
423,52047.0,1.6867516709168838e-81,0.15625,1.6867516709168838e-81,0.84375
424,52048.0,1.1994678548742284e-81,0.1111111111111111,0.1111111111111111,0.7777777777777777
425,52049.0,0.05660377358490566,0.1509433962264151,0.03773584905660377,0.7547169811320755
426,52050.0,0.13157894736842105,0.07894736842105263,7.102112298597405e-82,0.7894736842105263
427,52051.0,0.2,0.16,8.636168555094445e-82,0.64
428,52052.0,1.9991130914570474e-81,0.07407407407407407,1.9991130914570474e-81,0.9259259259259259
429,52053.0,7.710864781334326e-82,0.14285714285714285,7.710864781334326e-82,0.8571428571428571
430,52054.0,1.349401336733507e-81,0.5,1.349401336733507e-81,0.5
431,52055.0,0.08536585365853659,0.3048780487804878,6.582445545041497e-82,0.6097560975609756
432,52056.0,5.1405765208895504e-82,0.047619047619047616,5.1405765208895504e-82,0.9523809523809523
433,52057.0,5.395301553170824e-85,0.9995721826779965,5.395301553170824e-85,0.0004278173220035045
434,52058.0,0.07142857142857142,0.07142857142857142,7.710864781334326e-82,0.8571428571428571
435,52059.0,2.510514114853036e-81,0.046511627906976744,0.023255813953488372,0.9302325581395349
436,52060.0,0.09523809523809523,0.047619047619047616,0.2857142857142857,0.5714285714285714
437,52061.0,7.009877073940296e-82,0.15584415584415584,7.009877073940296e-82,0.8441558441558441
438,52062.0,5.47980238267414e-82,0.025380710659898477,0.04060913705583756,0.934010152284264
439,52063.0,1.2640761936613648e-81,0.2505854800936768,0.0468384074941452,0.702576112412178
440,52064.0,2.1084395886461046e-81,0.1953125,2.1084395886461046e-81,0.8046875
441,52065.0,0.047619047619047616,0.35714285714285715,1.2851441302223876e-82,0.5952380952380952
442,52066.0,2.698802673467014e-81,2.698802673467014e-81,2.698802673467014e-81,1.0
443,52067.0,0.21122112211221122,0.08250825082508251,1.781387903278557e-81,0.7062706270627063
444,52068.0,0.11627906976744186,0.18604651162790697,1.255257057426518e-81,0.6976744186046512
445,52069.0,1.349401336733507e-81,0.25,1.349401336733507e-81,0.75
446,52070.0,0.038834951456310676,0.14563106796116504,0.038834951456310676,0.7766990291262136
447,52071.0,0.24203821656050956,3.8199613212555047e-82,3.8199613212555047e-82,0.7579617834394905
448,52072.0,1.1245011139445891e-81,1.1245011139445891e-81,0.041666666666666664,0.9583333333333334
449,52073.0,2.698802673467014e-81,0.5,2.698802673467014e-81,0.5
450,52074.0,0.04950495049504951,0.39603960396039606,0.009900990099009901,0.5445544554455446
451,52075.0,6.064725108914639e-82,0.06741573033707865,0.033707865168539325,0.898876404494382
452,52076.0,5.395344697505773e-85,0.9995801759062952,1.9991623509749415e-05,0.0003998324701949883
453,52077.0,0.05555555555555555,0.08333333333333333,0.08333333333333333,0.7777777777777778
454,52078.0,0.06666666666666667,0.4,1.439361425849074e-81,0.5333333333333333
455,52079.0,1.1733924667247887e-81,0.13043478260869565,1.1733924667247887e-81,0.8695652173913043
456,52080.0,0.07142857142857142,0.35714285714285715,0.14285714285714285,0.42857142857142855
