,SEQN,Spending_on_nonfood,Spending_on_eating_out,Spending_on_carryout_deliverred,Spending_on_food
0,73557.0,1.2408288153871328e-81,1.2408288153871328e-81,0.19540229885057472,0.8045977011494253
1,73558.0,0.2049808429118774,0.038314176245210725,0.019157088122605363,0.7375478927203065
2,73559.0,0.11627906976744186,0.18604651162790697,2.510514114853036e-81,0.6976744186046512
3,73560.0,1.0184161031950996e-81,0.09433962264150944,0.05660377358490566,0.8490566037735849
4,73561.0,2.2490022278891783e-81,2.2490022278891783e-81,2.2490022278891783e-81,1.0
5,73562.0,0.2222222222222222,0.2222222222222222,1.9991130914570474e-81,0.5555555555555556
6,73563.0,0.045787545787545784,0.3663003663003663,4.9428620393168754e-82,0.5879120879120879
7,73564.0,0.13157894736842105,0.2631578947368421,7.102112298597405e-82,0.6052631578947368
8,73565.0,4.1520041130261753e-82,0.23076923076923078,0.03076923076923077,0.7384615384615385
9,73566.0,0.13559322033898305,0.03389830508474576,0.01694915254237288,0.8135593220338982
10,73567.0,0.16666666666666666,3.5984035646226855e-81,3.5984035646226855e-81,0.8333333333333334
11,73568.0,0.04043126684636118,0.0673854447439353,7.274400737107855e-82,0.8921832884097035
12,73569.0,2.698802673467014e-82,0.5,2.698802673467014e-82,0.5
13,73570.0,6.630964799673253e-82,0.2457002457002457,6.630964799673253e-82,0.7542997542997543
14,73571.0,1.5875309843923611e-81,0.29411764705882354,1.5875309843923611e-81,0.7058823529411765
15,73572.0,0.4,0.1,1.0795210693868056e-81,0.5
16,73573.0,8.304008226052351e-82,0.11538461538461539,0.11538461538461539,0.7692307692307693
17,73574.0,0.09090909090909091,0.45454545454545453,4.906913951758207e-82,0.45454545454545453
18,73575.0,0.13333333333333333,0.1111111111111111,0.17777777777777778,0.5777777777777777
19,73576.0,4.1520041130261753e-82,0.15384615384615385,0.07692307692307693,0.7692307692307693
20,73577.0,0.17391304347826086,0.13043478260869565,0.08695652173913043,0.6086956521739131
21,73578.0,5.997339274371142e-82,5.997339274371142e-82,5.997339274371142e-82,1.0
22,73579.0,6.350123937569444e-82,0.47058823529411764,6.350123937569444e-82,0.5294117647058824
23,73580.0,1.6356379839194024e-81,0.09090909090909091,1.6356379839194024e-81,0.9090909090909091
24,73581.0,8.996008911556714e-82,0.16666666666666666,8.996008911556714e-82,0.8333333333333334
25,73582.0,2.8864199716224746e-81,0.13368983957219252,0.1925133689839572,0.6737967914438503
26,73583.0,0.10869565217391304,0.21739130434782608,0.021739130434782608,0.6521739130434783
27,73584.0,5.803876717133363e-82,0.3225806451612903,5.803876717133363e-82,0.6774193548387096
28,73585.0,8.278535808181025e-82,0.015337423312883436,8.278535808181025e-82,0.9846625766871165
29,73586.0,1.349401336733507e-81,1.349401336733507e-81,1.349401336733507e-81,1.0
30,73587.0,4.1520041130261753e-82,0.11538461538461539,0.038461538461538464,0.8461538461538463
31,73588.0,7.294061279640579e-82,0.05405405405405406,7.294061279640579e-82,0.9459459459459459
32,73589.0,0.047619047619047616,0.14285714285714285,0.047619047619047616,0.7619047619047619
33,73590.0,1.2700247875138888e-81,0.17647058823529413,1.2700247875138888e-81,0.8235294117647058
34,73591.0,0.10714285714285714,0.14285714285714285,0.03571428571428571,0.7142857142857143
35,73592.0,1.0795210693868056e-81,0.6,1.0795210693868056e-81,0.4
36,73593.0,0.09023354564755838,5.729941981883257e-82,5.729941981883257e-82,0.9097664543524416
37,73594.0,1.090425322612935e-81,0.09090909090909091,1.090425322612935e-81,0.9090909090909091
38,73595.0,0.14285714285714285,0.09523809523809523,1.0281153041779101e-81,0.7619047619047619
39,73596.0,8.996008911556714e-82,0.5,8.996008911556714e-82,0.5
40,73597.0,0.5,2.698805372272386e-85,2.698805372272386e-85,0.5
41,73598.0,,,,
42,73599.0,2.3467849334495774e-81,0.13043478260869565,0.21739130434782608,0.6521739130434783
43,73600.0,5.490951522822002e-82,0.13021363173957273,0.13021363173957273,0.7395727365208545
44,73601.0,0.043478260869565216,0.2608695652173913,0.17391304347826086,0.5217391304347826
45,73602.0,,,,
46,73603.0,0.03333333333333333,0.2222222222222222,5.997339274371142e-82,0.7444444444444445
47,73604.0,0.10996119016817593,0.2069857697283312,0.129366106080207,0.553686934023286
48,73605.0,0.07692307692307693,0.15384615384615385,0.15384615384615385,0.6153846153846154
49,73606.0,0.0625,0.3125,3.3735033418337675e-82,0.625
50,73607.0,0.07317073170731707,0.14634146341463414,0.04878048780487805,0.7317073170731707
51,73608.0,0.12942366026289182,0.0910010111223458,5.457639380115296e-82,0.7795753286147624
52,73609.0,7.937654921961806e-82,0.11764705882352941,7.937654921961806e-82,0.8823529411764706
53,73610.0,0.047619047619047616,0.05952380952380952,0.05952380952380952,0.8333333333333334
54,73611.0,1.090425322612935e-81,0.09090909090909091,1.090425322612935e-81,0.9090909090909091
55,73612.0,0.06246351430239346,3.1509663438027017e-82,3.1509663438027017e-82,0.9375364856976066
56,73613.0,5.997339274371142e-82,0.3333333333333333,5.997339274371142e-82,0.6666666666666666
57,73614.0,0.09090909090909091,0.09090909090909091,0.09090909090909091,0.7272727272727273
58,73615.0,0.2,0.2,0.2,0.4
59,73616.0,7.645333352597774e-82,0.5155807365439093,7.645333352597774e-82,0.48441926345609065
60,73617.0,8.567627534815917e-82,0.047619047619047616,8.567627534815917e-82,0.9523809523809523
61,73618.0,0.12121212121212122,3.271275967838805e-82,0.030303030303030304,0.8484848484848485
62,73619.0,4.145626226523831e-82,0.4608294930875576,0.04608294930875576,0.4930875576036866
63,73620.0,5.150386781425599e-82,0.4083969465648855,0.019083969465648856,0.5725190839694657
64,73621.0,0.08,0.24,8.636168555094445e-82,0.68
65,73622.0,0.056818181818181816,0.11363636363636363,0.03409090909090909,0.7954545454545454
66,73623.0,5.530333347268471e-82,0.32889344262295084,0.020491803278688523,0.6506147540983607
67,73624.0,0.125,6.747006683667535e-82,6.747006683667535e-82,0.875
68,73625.0,8.407484964071694e-82,8.407484964071694e-82,8.407484964071694e-82,1.0
69,73626.0,1.349401336733507e-81,1.349401336733507e-81,1.349401336733507e-81,1.0
70,73627.0,3.998226182914095e-81,3.998226182914095e-81,0.37037037037037035,0.6296296296296297
71,73628.0,0.15625,0.0625,1.6867516709168838e-81,0.78125
72,73629.0,6.11280333741113e-82,0.1392978482446206,0.14156285390713477,0.7191392978482446
73,73630.0,9.813827903516414e-82,0.09090909090909091,9.813827903516414e-82,0.9090909090909091
74,73631.0,3.998226182914095e-81,3.998226182914095e-81,3.998226182914095e-81,1.0
75,73632.0,2.2490022278891783e-81,2.2490022278891783e-81,2.2490022278891783e-81,1.0
76,73633.0,4.250082950341754e-82,0.23622047244094488,0.015748031496062992,0.7480314960629921
77,73634.0,3.5003925725901606e-82,0.5557717250324254,0.08300907911802853,0.3612191958495461
78,73635.0,6.503138972209673e-82,0.3614457831325301,0.03614457831325301,0.6024096385542168
79,73636.0,5.021028229706073e-82,0.27906976744186046,0.18604651162790697,0.5348837209302325
80,73637.0,1.2700247875138888e-81,0.17647058823529413,1.2700247875138888e-81,0.823529411764706
81,73638.0,0.08936170212765958,2.296853339120863e-81,2.296853339120863e-81,0.9106382978723404
82,73639.0,5.681689838877924e-82,0.10526315789473684,5.681689838877924e-82,0.894736842105263
83,73640.0,0.08333333333333333,0.16666666666666666,2.2490022278891783e-81,0.75
84,73641.0,4.388297030027665e-81,4.388297030027665e-81,4.388297030027665e-81,1.0
85,73642.0,0.0625,1.6867516709168838e-81,1.6867516709168838e-81,0.9375
86,73643.0,9.46948306479654e-82,0.12280701754385964,9.46948306479654e-82,0.8771929824561403
87,73644.0,0.04511677282377919,2.8649709909416283e-82,0.3184713375796178,0.636411889596603
88,73645.0,0.07142857142857142,0.17857142857142858,0.07142857142857142,0.6785714285714286
89,73646.0,5.96420480324202e-82,0.09944751381215469,0.016574585635359115,0.8839779005524862
90,73647.0,7.009877073940296e-82,0.02727272727272727,7.009877073940296e-82,0.9727272727272727
91,73648.0,5.393080552350605e-85,0.999160704169202,8.992455329978148e-05,0.000749371277498179
92,73649.0,1.0795210693868056e-81,1.0795210693868056e-81,1.0795210693868056e-81,1.0
93,73650.0,0.16666666666666666,0.16666666666666666,8.996008911556714e-82,0.6666666666666666
94,73651.0,0.034482758620689655,0.3448275862068966,0.27586206896551724,0.3448275862068966
95,73652.0,1.349401336733507e-81,0.125,1.349401336733507e-81,0.875
96,73653.0,7.102112298597405e-82,7.102112298597405e-82,0.02631578947368421,0.9736842105263157
97,73654.0,0.25,0.25,0.25,0.25
98,73655.0,8.304008226052351e-82,0.11538461538461539,0.11538461538461539,0.7692307692307693
99,73656.0,0.07692307692307693,0.15384615384615385,0.15384615384615385,0.6153846153846154
100,73657.0,0.09090909090909091,0.18181818181818182,9.813827903516414e-82,0.7272727272727273
101,73658.0,0.06722689075630252,0.36134453781512604,0.06722689075630252,0.5042016806722689
102,73659.0,0.05,0.075,1.349401336733507e-81,0.875
103,73660.0,5.392218520631917e-85,0.999000998002995,5.392218520631917e-85,0.000999001997004992
104,73661.0,1.384001371008725e-81,0.10256410256410256,1.384001371008725e-81,0.8974358974358975
105,73662.0,0.29411764705882354,0.11764705882352941,1.5875309843923611e-81,0.5882352941176471
106,73663.0,0.12037037037037036,0.37037037037037035,0.046296296296296294,0.46296296296296297
107,73664.0,8.705815075700045e-82,0.04838709677419355,8.705815075700045e-82,0.9516129032258064
108,73665.0,1.0501177717770482e-81,0.4163424124513619,1.0501177717770482e-81,0.5836575875486382
109,73666.0,6.747006683667535e-82,0.25,0.125,0.625
110,73667.0,1.542172956266865e-81,0.05714285714285714,1.542172956266865e-81,0.9428571428571428
111,73668.0,0.9994802697400049,1.9989625384425484e-05,5.394805442909158e-85,0.0004997406346106371
112,73669.0,1.349401336733507e-81,1.349401336733507e-81,1.349401336733507e-81,1.0
113,73670.0,0.21052631578947367,2.840844919438962e-81,2.840844919438962e-81,0.7894736842105263
114,73671.0,4.1520041130261755e-81,0.7692307692307693,4.1520041130261755e-81,0.23076923076923078
115,73672.0,0.05186721991701245,0.15560165975103735,1.119835134218678e-81,0.7925311203319503
116,73673.0,0.08264462809917356,0.1652892561983471,0.049586776859504134,0.7024793388429752
117,73674.0,0.10526315789473684,0.15789473684210525,5.681689838877924e-82,0.7368421052631579
118,73675.0,1.4993348185927856e-81,0.16666666666666666,1.4993348185927856e-81,0.8333333333333334
119,73676.0,0.14479025710419485,0.17388362652232747,3.6519657286427796e-82,0.6813261163734777
120,73677.0,1.1315734479945552e-81,0.17819706498951782,0.10482180293501048,0.7169811320754716
121,73678.0,0.0847457627118644,0.2033898305084746,9.148483638871233e-82,0.711864406779661
122,73679.0,5.397605346934028e-82,0.4,5.397605346934028e-82,0.6
123,73680.0,7.996452365828189e-82,0.1111111111111111,7.996452365828189e-82,0.8888888888888888
124,73681.0,0.08139534883720931,0.23255813953488372,0.05813953488372093,0.627906976744186
125,73682.0,1.7992017823113427e-81,1.7992017823113427e-81,1.7992017823113427e-81,1.0
126,73683.0,4.6093982467412706e-82,0.08539709649871904,4.6093982467412706e-82,0.914602903501281
127,73684.0,6.350123937569444e-82,0.17647058823529413,6.350123937569444e-82,0.823529411764706
128,73685.0,1.0795210693868056e-81,1.0795210693868056e-81,1.0795210693868056e-81,1.0
129,73686.0,5.397605346934028e-82,0.2,5.397605346934028e-82,0.8
130,73687.0,9.306216115403496e-82,0.13793103448275862,9.306216115403496e-82,0.8620689655172414
131,73688.0,5.39491328520471e-85,0.9995002493755616,5.39491328520471e-85,0.0004997506244384053
132,73689.0,9.813827903516414e-82,0.36363636363636365,0.09090909090909091,0.5454545454545454
133,73690.0,3.5984035646226855e-81,0.16666666666666666,3.5984035646226855e-81,0.8333333333333334
134,73691.0,0.23255813953488372,1.255257057426518e-81,1.255257057426518e-81,0.7674418604651163
135,73692.0,0.999465285537523,5.394724564016843e-85,5.394724564016843e-85,0.0005347144624770373
136,73693.0,1.2351499649734618e-81,1.2351499649734618e-81,1.2351499649734618e-81,1.0
137,73694.0,0.11627906976744186,0.18604651162790697,2.510514114853036e-81,0.6976744186046512
138,73695.0,9.46948306479654e-82,0.17543859649122806,0.03508771929824561,0.7894736842105263
139,73696.0,9.338417555249183e-82,0.25951557093425603,9.338417555249183e-82,0.740484429065744
140,73697.0,3.936984206370553e-82,0.37490882567469,3.936984206370553e-82,0.62509117432531
141,73698.0,0.22388059701492538,0.05970149253731343,0.04477611940298507,0.6716417910447761
142,73699.0,,,,
143,73700.0,5.265956436033198e-82,0.024390243902439025,5.265956436033198e-82,0.975609756097561
144,73701.0,0.08333333333333333,0.08333333333333333,4.498004455778357e-82,0.8333333333333334
145,73702.0,4.8496004914052365e-82,4.8496004914052365e-82,0.05750224618149147,0.9424977538185085
146,73703.0,3.375613100021281e-82,0.06253908692933083,3.375613100021281e-82,0.9374609130706691
147,73704.0,0.13793103448275862,0.034482758620689655,3.722486446161398e-82,0.8275862068965517
148,73705.0,3.598403564622685e-82,0.1,0.1,0.8
149,73706.0,4.073664412780398e-82,0.03018867924528302,4.073664412780398e-82,0.969811320754717
150,73707.0,0.182648401826484,0.2922374429223744,0.182648401826484,0.3424657534246575
151,73708.0,0.15873015873015872,0.15873015873015872,0.047619047619047616,0.6349206349206349
152,73709.0,7.710864781334326e-82,0.2857142857142857,0.14285714285714285,0.5714285714285714
153,73710.0,0.125,6.747006683667535e-82,6.747006683667535e-82,0.875
154,73711.0,4.653108057701748e-82,4.653108057701748e-82,0.05172413793103448,0.9482758620689655
155,73712.0,0.05226480836236934,0.08710801393728224,0.37282229965156793,0.4878048780487805
156,73713.0,0.07621951219512195,0.2606707317073171,0.12957317073170732,0.5335365853658537
157,73714.0,5.397605346934028e-82,0.5,5.397605346934028e-82,0.5
158,73715.0,5.803876717133363e-82,0.3225806451612903,5.803876717133363e-82,0.6774193548387096
159,73716.0,2.159042138773611e-81,0.2,2.159042138773611e-81,0.8
160,73717.0,1.9991130914570474e-81,0.07407407407407407,1.9991130914570474e-81,0.9259259259259259
161,73718.0,1.6867516709168838e-81,1.6867516709168838e-81,0.0625,0.9375
162,73719.0,0.1,0.04,0.01,0.85
163,73720.0,1.1363379677755848e-81,0.05263157894736842,1.1363379677755848e-81,0.9473684210526315
164,73721.0,0.16569200779727095,1.0521647849773933e-81,1.0521647849773933e-81,0.834307992202729
165,73722.0,4.318084277547222e-81,4.318084277547222e-81,4.318084277547222e-81,1.0
166,73723.0,7.19680712924537e-82,0.8,7.19680712924537e-82,0.2
167,73724.0,,,,
168,73725.0,0.07317073170731707,0.07317073170731707,1.3164891090082995e-81,0.8536585365853658
169,73726.0,0.08771929824561403,0.03508771929824561,4.73474153239827e-82,0.8771929824561403
170,73727.0,1.1836853830995675e-81,0.010964912280701754,0.043859649122807015,0.9451754385964912
171,73728.0,4.486787487060705e-82,4.486787487060705e-82,0.020781379883624274,0.9792186201163757
172,73729.0,0.08831521739130435,0.008152173913043478,0.04755434782608696,0.8559782608695652
173,73730.0,0.18181818181818182,0.09090909090909091,6.54255193567761e-82,0.7272727272727273
174,73731.0,5.1900051412827194e-82,0.19230769230769232,0.038461538461538464,0.7692307692307693
175,73732.0,3.936984206370553e-82,0.37490882567469,3.936984206370553e-82,0.62509117432531
176,73733.0,0.1511216056670602,0.14167650531286896,6.372615521763905e-82,0.7072018890200709
177,73734.0,0.4999950000449996,9.999910000809993e-06,2.698778384461554e-85,0.4999950000449996
178,73735.0,0.16666666666666666,3.5003925725901606e-82,3.5003925725901606e-82,0.8333333333333334
179,73736.0,5.395031916709758e-85,0.00012793897310982663,0.999522227897293,0.00034983312959718213
180,73737.0,0.16666666666666666,0.16666666666666666,8.996008911556714e-82,0.6666666666666666
181,73738.0,1.0480787081425296e-81,0.3883495145631068,1.0480787081425296e-81,0.6116504854368932
182,73739.0,0.09302325581395349,8.368380382843454e-82,0.15503875968992248,0.751937984496124
183,73740.0,2.2919767927533028e-82,0.18174097664543523,0.09087048832271762,0.7273885350318471
184,73741.0,0.1511216056670602,0.14167650531286896,6.372615521763905e-82,0.7072018890200709
185,73742.0,1.6867516709168838e-81,0.0625,1.6867516709168838e-81,0.9375
186,73743.0,1.7992017823113427e-81,1.7992017823113427e-81,1.7992017823113427e-81,1.0
187,73744.0,0.15384615384615385,0.07692307692307693,4.1520041130261753e-82,0.7692307692307693
188,73745.0,0.16,0.2,0.08,0.56
189,73746.0,0.12603062426383982,0.11778563015312132,6.357603471064814e-82,0.7561837455830389
190,73747.0,1.542172956266865e-81,1.542172956266865e-81,1.542172956266865e-81,1.0
191,73748.0,0.06493506493506493,0.025974025974025976,1.752469268485074e-82,0.9090909090909091
192,73749.0,0.07692307692307693,0.15384615384615385,8.304008226052351e-82,0.7692307692307693
193,73750.0,5.1405765208895504e-82,0.3333333333333333,5.1405765208895504e-82,0.6666666666666666
194,73751.0,1.4993348185927856e-81,0.16666666666666666,1.4993348185927856e-81,0.8333333333333334
195,73752.0,0.15295169946332737,0.044722719141323794,0.03577817531305903,0.7665474060822898
196,73753.0,1.8612432230806992e-81,0.20689655172413793,0.10344827586206896,0.6896551724137931
197,73754.0,0.14705882352941177,0.08823529411764706,0.0392156862745098,0.7254901960784313
198,73755.0,2.998669637185571e-81,2.998669637185571e-81,2.998669637185571e-81,1.0
199,73756.0,0.13245033112582782,0.1986754966887417,0.039735099337748346,0.6291390728476821
200,73757.0,0.08700102354145343,0.21903787103377687,0.1023541453428864,0.5916069600818833
201,73758.0,2.1590421387736113e-82,0.16,0.04,0.8
202,73759.0,7.102112298597405e-82,0.2631578947368421,0.07894736842105263,0.6578947368421053
203,73760.0,1.0380010282565439e-81,1.0380010282565439e-81,0.038461538461538464,0.9615384615384616
204,73761.0,6.298255947414268e-82,6.298255947414268e-82,6.298255947414268e-82,1.0
205,73762.0,0.1,0.15,5.397605346934028e-82,0.75
206,73763.0,0.25,2.698802673467014e-82,2.698802673467014e-82,0.75
207,73764.0,0.14285714285714285,0.14285714285714285,3.855432390667163e-82,0.7142857142857143
208,73765.0,9.690494339199332e-82,9.690494339199332e-82,9.690494339199332e-82,1.0
209,73766.0,0.0708215297450425,0.3626062322946176,1.5290666705195547e-81,0.56657223796034
210,73767.0,8.304008226052351e-82,0.07692307692307693,8.304008226052351e-82,0.9230769230769231
211,73768.0,0.048355899419729204,0.04061895551257253,0.08220502901353965,0.8288201160541586
212,73769.0,0.2,0.2,0.2,0.4
213,73770.0,0.05605381165919283,0.2399103139013453,0.14349775784753363,0.5605381165919283
214,73771.0,6.54255193567761e-82,0.18181818181818182,0.09090909090909091,0.7272727272727273
215,73772.0,0.08695652173913043,0.13043478260869565,4.693569866899155e-82,0.782608695652174
216,73773.0,0.047619047619047616,6.425720651111939e-82,6.425720651111939e-82,0.9523809523809523
217,73774.0,2.4534569758791035e-81,0.09090909090909091,2.4534569758791035e-81,0.9090909090909091
218,73775.0,1.090425322612935e-81,0.10101010101010101,0.04040404040404041,0.8585858585858586
219,73776.0,6.30561372305377e-82,6.30561372305377e-82,6.30561372305377e-82,1.0
220,73777.0,0.07692307692307693,0.3076923076923077,1.6608016452104701e-81,0.6153846153846154
221,73778.0,0.2,0.2,0.2,0.4
222,73779.0,3.1750619687847222e-81,0.11764705882352941,3.1750619687847222e-81,0.8823529411764706
223,73780.0,0.03409090909090909,0.17045454545454544,0.11363636363636363,0.6818181818181818
224,73781.0,0.06520414381474711,0.15234613040828762,3.289217152305928e-82,0.7824497257769653
225,73782.0,6.3501239375694445e-81,6.3501239375694445e-81,6.3501239375694445e-81,1.0
226,73783.0,7.444972892322797e-82,0.20689655172413793,0.10344827586206896,0.6896551724137931
227,73784.0,6.747006683667535e-82,0.16,0.0375,0.8025
228,73785.0,3.1509663438027017e-82,0.12492702860478692,3.1509663438027017e-82,0.8750729713952131
229,73786.0,1.0126839300063842e-81,1.0126839300063842e-81,0.05628517823639775,0.9437148217636022
230,73787.0,5.519023872120683e-82,0.15337423312883436,0.130879345603272,0.7157464212678937
231,73788.0,4.200471087108193e-82,4.200471087108193e-82,4.200471087108193e-82,1.0
232,73789.0,0.075,0.1,0.075,0.75
233,73790.0,0.3181818181818182,0.045454545454545456,1.2267284879395517e-81,0.6363636363636364
234,73791.0,0.1,5.397605346934028e-82,5.397605346934028e-82,0.9
235,73792.0,0.020064205457463884,0.8595505617977528,2.1659732531837993e-82,0.12038523274478331
236,73793.0,1.7992017823113427e-81,0.16666666666666666,1.7992017823113427e-81,0.8333333333333333
237,73794.0,6.747006683667535e-82,6.747006683667535e-82,6.747006683667535e-82,1.0
238,73795.0,0.055944055944055944,0.5594405594405595,0.02097902097902098,0.36363636363636365
239,73796.0,0.1201923076923077,0.3088942307692308,6.487506426603399e-82,0.5709134615384616
240,73797.0,0.25,0.25,0.25,0.25
241,73798.0,6.30561372305377e-82,6.30561372305377e-82,6.30561372305377e-82,1.0
242,73799.0,9.638580976667907e-82,0.07142857142857142,0.03571428571428571,0.8928571428571429
243,73800.0,0.35294117647058826,0.029411764705882353,0.029411764705882353,0.5882352941176471
244,73801.0,0.1487603305785124,0.34797738147020446,2.3478057185445967e-82,0.5032622879512831
245,73802.0,7.602261052019758e-81,0.29577464788732394,7.602261052019758e-81,0.704225352112676
246,73803.0,0.07079646017699115,0.1415929203539823,0.02654867256637168,0.7610619469026548
247,73804.0,5.397605346934028e-82,0.2,5.397605346934028e-82,0.8
248,73805.0,1.420422459719481e-81,0.06578947368421052,1.420422459719481e-81,0.9342105263157895
249,73806.0,0.11538461538461539,0.23076923076923078,4.1520041130261753e-82,0.6538461538461539
250,73807.0,0.046511627906976744,0.22325581395348837,5.021028229706073e-82,0.7302325581395349
251,73808.0,0.16129032258064516,0.12903225806451613,0.06451612903225806,0.6451612903225806
252,73809.0,0.08695652173913043,0.008695652173913044,9.38713973379831e-82,0.9043478260869565
253,73810.0,1.7992017823113427e-81,0.16666666666666666,1.7992017823113427e-81,0.8333333333333333
254,73811.0,0.016992353440951572,0.2548853016142736,4.5859008894936516e-82,0.7281223449447749
255,73812.0,1.1245011139445891e-81,0.0625,1.1245011139445891e-81,0.9375
256,73813.0,0.17106314948041568,0.07993605115907274,2.157316285745015e-82,0.7490007993605116
257,73814.0,6.747006683667535e-82,6.747006683667535e-82,0.0125,0.9875
258,73815.0,0.18518518518518517,0.037037037037037035,0.037037037037037035,0.7407407407407407
259,73816.0,2.799587835546695e-82,2.799587835546695e-82,2.799587835546695e-82,1.0
260,73817.0,0.17391304347826086,0.13043478260869565,0.08695652173913043,0.6086956521739131
261,73818.0,1.061475977764804e-82,0.11799410029498525,1.061475977764804e-82,0.8820058997050148
262,73819.0,0.10526315789473684,0.3157894736842105,0.05263157894736842,0.5263157894736842
263,73820.0,0.19227313566936208,0.03773584905660377,4.8496004914052365e-82,0.7699910152740341
264,73821.0,0.13333333333333333,0.3333333333333333,3.598403564622685e-82,0.5333333333333333
265,73822.0,9.995565457285237e-82,0.18518518518518517,9.995565457285237e-82,0.8148148148148148
266,73823.0,1.349401336733507e-81,0.25,1.349401336733507e-81,0.75
267,73824.0,1.090425322612935e-81,0.10101010101010101,0.04040404040404041,0.8585858585858586
268,73825.0,5.997339274371142e-82,0.5555555555555556,0.1111111111111111,0.3333333333333333
269,73826.0,8.433758354584419e-82,8.433758354584419e-82,0.0625,0.9375
270,73827.0,9.9038630218973e-82,0.08256880733944955,9.9038630218973e-82,0.9174311926605505
271,73828.0,0.15384615384615385,0.23076923076923078,8.304008226052351e-82,0.6153846153846154
272,73829.0,6.747006683667535e-82,0.375,6.747006683667535e-82,0.625
273,73830.0,4.1520041130261753e-82,0.38461538461538464,4.1520041130261753e-82,0.6153846153846154
274,73831.0,0.05012531328320802,0.5363408521303258,6.763916474854671e-82,0.41353383458646614
275,73832.0,0.4999787508818384,1.999917003444357e-05,2.249906628874902e-05,0.4999787508818384
276,73833.0,8.705815075700045e-82,0.16129032258064516,0.03225806451612903,0.8064516129032258
277,73834.0,,,,
278,73835.0,0.08038585209003216,0.2909967845659164,4.3389110505900545e-82,0.6286173633440515
279,73836.0,0.26452410383189123,0.049443757725587144,6.671947276803495e-82,0.6860321384425216
280,73837.0,0.03816793893129771,0.3053435114503817,8.240618850280959e-82,0.6564885496183206
281,73838.0,0.1,0.1,1.0795210693868056e-81,0.8
282,73839.0,0.12,1.0795210693868056e-81,0.08,0.8
283,73840.0,0.10638297872340426,0.14893617021276595,1.1484266695604315e-81,0.7446808510638298
284,73841.0,5.997339274371142e-82,5.997339274371142e-82,5.997339274371142e-82,1.0
285,73842.0,9.9586814519078e-82,0.36900369003690037,9.9586814519078e-82,0.6309963099630996
286,73843.0,0.18181818181818182,0.18181818181818182,4.906913951758207e-82,0.6363636363636364
287,73844.0,1.0583539895949074e-81,0.0784313725490196,0.0392156862745098,0.8823529411764706
288,73845.0,1.3164891090082995e-81,0.3902439024390244,0.12195121951219512,0.4878048780487805
289,73846.0,0.0967741935483871,0.0967741935483871,0.06451612903225806,0.7419354838709677
290,73847.0,0.04511677282377919,2.8649709909416283e-82,0.3184713375796178,0.636411889596603
291,73848.0,0.03112033195020747,0.33195020746887965,5.59917567109339e-82,0.6369294605809128
292,73849.0,0.12121212121212122,0.24242424242424243,0.030303030303030304,0.6060606060606061
293,73850.0,0.12,0.16,8.636168555094445e-82,0.72
294,73851.0,0.1466992665036675,0.1466992665036675,0.029339853300733496,0.6772616136919315
295,73852.0,4.498004455778357e-82,0.4166666666666667,0.08333333333333333,0.5
296,73853.0,5.997339274371142e-82,0.1111111111111111,5.997339274371142e-82,0.8888888888888888
297,73854.0,0.07692307692307693,0.15384615384615385,5.5360054840349e-82,0.7692307692307693
298,73855.0,7.710864781334326e-82,0.14285714285714285,0.14285714285714285,0.7142857142857143
299,73856.0,4.498004455778357e-82,0.4166666666666667,4.498004455778357e-82,0.5833333333333334
300,73857.0,6.747006683667535e-82,0.5,6.747006683667535e-82,0.5
301,73858.0,1.9991130914570474e-81,0.18518518518518517,0.07407407407407407,0.7407407407407407
302,73859.0,1.349401336733507e-81,0.125,1.349401336733507e-81,0.875
303,73860.0,3.5984035646226855e-81,3.5984035646226855e-81,1.0,7.196807129245371e-81
304,73861.0,2.998669637185571e-82,0.4444444444444444,0.1111111111111111,0.4444444444444444
305,73862.0,1.1785164512956392e-81,0.06550218340611354,1.1785164512956392e-81,0.9344978165938864
306,73863.0,2.5340870173399193e-81,2.5340870173399193e-81,2.5340870173399193e-81,1.0
307,73864.0,3.360899966957676e-82,0.19987546699875466,3.360899966957676e-82,0.8001245330012453
308,73865.0,0.06796116504854369,0.13592233009708737,1.0480787081425296e-81,0.7961165048543689
309,73866.0,0.0625,0.1875,6.747006683667535e-82,0.75
310,73867.0,0.18166383701188454,4.582007934578971e-82,4.582007934578971e-82,0.8183361629881154
311,73868.0,3.360899966957676e-82,0.19987546699875466,3.360899966957676e-82,0.8001245330012453
312,73869.0,9.813827903516414e-82,0.5454545454545454,9.813827903516414e-82,0.45454545454545453
313,73870.0,0.06622516556291391,0.10596026490066225,0.033112582781456956,0.794701986754967
314,73871.0,0.07079646017699115,0.17699115044247787,0.04424778761061947,0.7079646017699115
315,73872.0,6.298255947414268e-82,6.298255947414268e-82,6.298255947414268e-82,1.0
316,73873.0,8.407484964071694e-82,0.3333333333333333,8.407484964071694e-82,0.6666666666666666
317,73874.0,1.8612432230806992e-81,0.13793103448275862,1.8612432230806992e-81,0.8620689655172413
318,73875.0,4.613337903362417e-82,0.08547008547008547,4.613337903362417e-82,0.9145299145299146
319,73876.0,0.05754908598510494,0.23696682464454977,0.06770480704129993,0.6377792823290453
320,73877.0,8.304008226052351e-82,0.07692307692307693,8.304008226052351e-82,0.9230769230769231
321,73878.0,4.498004455778357e-82,0.8333333333333334,4.498004455778357e-82,0.16666666666666666
322,73879.0,0.16666666666666666,1.7992017823113427e-81,1.7992017823113427e-81,0.8333333333333334
323,73880.0,0.07142857142857142,0.2857142857142857,7.710864781334326e-82,0.6428571428571429
324,73881.0,1.420422459719481e-81,0.5263157894736842,0.10526315789473684,0.3684210526315789
325,73882.0,2.0523214246897444e-81,0.19391634980988592,0.04182509505703422,0.7642585551330798
326,73883.0,1.7992017823113427e-81,1.7992017823113427e-81,1.7992017823113427e-81,1.0
327,73884.0,0.20479041916167665,0.2562874251497006,0.059880239520958084,0.47904191616766467
328,73885.0,7.496674092963928e-82,0.16666666666666666,7.496674092963928e-82,0.8333333333333334
329,73886.0,0.09861932938856016,0.5069033530571992,5.323082196187404e-82,0.39447731755424065
330,73887.0,1.0583539895949074e-81,0.0784313725490196,0.0392156862745098,0.8823529411764706
331,73888.0,4.906913951758207e-82,0.45454545454545453,0.09090909090909091,0.45454545454545453
332,73889.0,4.906913951758207e-82,0.36363636363636365,4.906913951758207e-82,0.6363636363636364
333,73890.0,7.496674092963928e-82,0.027777777777777776,7.496674092963928e-82,0.9722222222222223
334,73891.0,1.18628688943605e-81,0.2857142857142857,0.10989010989010989,0.6043956043956044
335,73892.0,5.742133347802157e-82,0.3191489361702128,0.0425531914893617,0.6382978723404256
336,73893.0,2.4534569758791035e-81,0.09090909090909091,2.4534569758791035e-81,0.9090909090909091
337,73894.0,1.2851441302223877e-81,0.11904761904761904,0.047619047619047616,0.8333333333333333
338,73895.0,0.14705882352941177,0.08333333333333333,5.291769947974537e-82,0.7696078431372549
339,73896.0,6.747006683667535e-82,0.25,6.747006683667535e-82,0.75
340,73897.0,1.893896612959308e-81,0.21052631578947367,0.08771929824561403,0.7017543859649122
341,73898.0,0.1282051282051282,0.10256410256410256,3.460003427521813e-82,0.7692307692307693
342,73899.0,1.0480787081425296e-81,0.3883495145631068,1.0480787081425296e-81,0.6116504854368932
343,73900.0,0.08,0.24,0.04,0.64
344,73901.0,0.16129032258064516,0.1935483870967742,1.741163015140009e-81,0.6451612903225806
345,73902.0,4.424266677814777e-82,0.4737704918032787,4.424266677814777e-82,0.5262295081967213
346,73903.0,1.1657894917784078e-81,1.1657894917784078e-81,1.1657894917784078e-81,1.0
347,73904.0,8.178189919597012e-82,0.15151515151515152,8.178189919597012e-82,0.8484848484848485
348,73905.0,8.368380382843454e-82,0.15503875968992248,0.06976744186046512,0.7751937984496124
349,73906.0,0.14285714285714285,3.855432390667163e-82,3.855432390667163e-82,0.8571428571428572
350,73907.0,1.1994678548742284e-81,0.1111111111111111,1.1994678548742284e-81,0.8888888888888888
351,73908.0,0.0467706013363029,0.7149220489977728,6.010696377432102e-82,0.2383073496659243
352,73909.0,9.813827903516414e-82,0.2727272727272727,9.813827903516414e-82,0.7272727272727273
353,73910.0,0.030303030303030304,0.45454545454545453,0.06060606060606061,0.45454545454545453
354,73911.0,1.3393561654923146e-81,0.007444168734491315,1.3393561654923146e-81,0.9925558312655087
355,73912.0,0.16666666666666666,1.1245011139445891e-81,1.1245011139445891e-81,0.8333333333333334
356,73913.0,7.822616444831925e-82,0.6826086956521739,0.15507246376811595,0.16231884057971016
357,73914.0,0.12,2.159042138773611e-81,2.159042138773611e-81,0.88
358,73915.0,8.567627534815917e-82,0.31746031746031744,0.07936507936507936,0.6031746031746031
359,73916.0,2.398935709748457e-81,0.1111111111111111,2.398935709748457e-81,0.8888888888888888
360,73917.0,0.19047619047619047,0.047619047619047616,0.09523809523809523,0.6666666666666666
361,73918.0,2.998669637185571e-81,0.2777777777777778,2.998669637185571e-81,0.7222222222222222
362,73919.0,1.0795210693868056e-81,1.0,1.0795210693868056e-81,2.159042138773611e-81
363,73920.0,8.996008911556714e-82,0.16666666666666666,8.996008911556714e-82,0.8333333333333334
364,73921.0,0.3333333333333333,1.6814969928143389e-81,1.6814969928143389e-81,0.6666666666666666
365,73922.0,9.995565457285237e-82,0.07407407407407407,9.995565457285237e-82,0.9259259259259258
366,73923.0,2.4702999299469236e-82,0.3135011441647597,2.4702999299469236e-82,0.6864988558352403
367,73924.0,6.62282864654482e-82,0.18404907975460122,6.62282864654482e-82,0.8159509202453987
368,73925.0,1.420422459719481e-81,1.420422459719481e-81,1.420422459719481e-81,1.0
369,73926.0,0.09259259259259259,0.1111111111111111,4.9977827286426186e-82,0.7962962962962963
370,73927.0,0.14285714285714285,0.047619047619047616,0.047619047619047616,0.7619047619047619
371,73928.0,0.15384615384615385,0.15384615384615385,0.07692307692307693,0.6153846153846154
372,73929.0,2.5340870173399193e-81,0.39906103286384975,2.5340870173399193e-81,0.6009389671361502
373,73930.0,0.13513513513513514,0.13513513513513514,0.05405405405405406,0.6756756756756757
374,73931.0,7.206415683490024e-82,7.206415683490024e-82,7.206415683490024e-82,1.0
375,73932.0,9.338417555249183e-82,9.338417555249183e-82,9.338417555249183e-82,1.0
376,73933.0,1.18628688943605e-81,0.07692307692307693,1.18628688943605e-81,0.9230769230769231
377,73934.0,1.0795210693868056e-81,0.2,1.0795210693868056e-81,0.8
378,73935.0,0.4997858415527362,0.4997858415527362,2.6976494283364e-85,0.00042831689452758946
379,73936.0,7.822616444831925e-82,0.14492753623188406,0.057971014492753624,0.7971014492753623
380,73937.0,4.689492047727218e-82,0.06950477845351868,4.689492047727218e-82,0.9304952215464813
381,73938.0,0.21428571428571427,0.07142857142857142,7.710864781334326e-82,0.7142857142857143
382,73939.0,5.997339274371142e-82,5.997339274371142e-82,5.997339274371142e-82,1.0
383,73940.0,3.149127973707134e-82,3.149127973707134e-82,3.149127973707134e-82,1.0
384,73941.0,8.407484964071694e-82,8.407484964071694e-82,8.407484964071694e-82,1.0
385,73942.0,,,,
386,73943.0,0.2049808429118774,0.28735632183908044,0.028735632183908046,0.4789272030651341
387,73944.0,5.997339274371142e-82,5.997339274371142e-82,5.997339274371142e-82,1.0
388,73945.0,0.11290322580645161,0.12903225806451613,0.03225806451612903,0.7258064516129032
389,73946.0,0.125,0.125,1.349401336733507e-81,0.75
390,73947.0,0.136986301369863,7.393979927306888e-82,0.0410958904109589,0.821917808219178
391,73948.0,0.07692307692307693,1.18628688943605e-81,1.18628688943605e-81,0.923076923076923
392,73949.0,6.747006683667535e-82,0.375,6.747006683667535e-82,0.625
393,73950.0,0.16666666666666666,0.16666666666666666,8.996008911556714e-82,0.6666666666666666
394,73951.0,0.05405405405405406,0.13513513513513514,7.294061279640579e-82,0.8108108108108109
395,73952.0,2.5702882604447754e-81,0.7142857142857143,2.5702882604447754e-81,0.2857142857142857
396,73953.0,8.636168555094445e-82,0.2,8.636168555094445e-82,0.8
397,73954.0,2.398935709748457e-82,0.35555555555555557,0.022222222222222223,0.6222222222222222
398,73955.0,0.10256410256410256,0.5128205128205128,4.613337903362417e-82,0.38461538461538464
399,73956.0,9.995565457285237e-82,0.18518518518518517,0.07407407407407407,0.7407407407407407
400,73957.0,2.5364686780705017e-82,0.09398496240601503,2.5364686780705017e-82,0.9060150375939849
401,73958.0,6.663710304856824e-82,6.663710304856824e-82,0.012345679012345678,0.9876543209876543
402,73959.0,0.13333333333333333,0.2,7.19680712924537e-82,0.6666666666666666
403,73960.0,3.761397454309427e-82,0.10452961672473868,3.761397454309427e-82,0.8954703832752613
404,73961.0,4.200471087108193e-82,4.200471087108193e-82,4.200471087108193e-82,1.0
405,73962.0,0.13333333333333333,0.2,7.19680712924537e-82,0.6666666666666666
406,73963.0,1.1994678548742284e-81,0.2222222222222222,0.1111111111111111,0.6666666666666666
407,73964.0,6.168691825067461e-82,0.5714285714285714,0.08571428571428572,0.34285714285714286
408,73965.0,0.023255813953488372,2.510514114853036e-81,2.510514114853036e-81,0.9767441860465116
409,73966.0,6.298255947414268e-82,0.1750291715285881,6.298255947414268e-82,0.8249708284714119
410,73967.0,4.246739061317095e-82,0.15735641227380015,4.246739061317095e-82,0.8426435877261998
411,73968.0,9.338417555249183e-82,0.08650519031141868,0.17301038062283736,0.740484429065744
412,73969.0,5.729941981883257e-82,0.3184713375796178,5.729941981883257e-82,0.6815286624203821
413,73970.0,1.1994678548742284e-81,1.1994678548742284e-81,1.1994678548742284e-81,1.0
414,73971.0,4.3180842775472225e-82,0.12,0.12,0.76
415,73972.0,2.159042138773611e-81,0.2,2.159042138773611e-81,0.8
416,73973.0,8.733989234521081e-82,8.733989234521081e-82,0.06472491909385113,0.9352750809061489
417,73974.0,8.996008911556714e-82,0.3333333333333333,8.996008911556714e-82,0.6666666666666666
418,73975.0,0.2247191011235955,0.0449438202247191,1.2129450217829277e-81,0.7303370786516854
419,73976.0,8.733989234521081e-82,0.02912621359223301,8.733989234521081e-82,0.970873786407767
420,73977.0,8.996008911556714e-82,0.5,8.996008911556714e-82,0.5
421,73978.0,0.07042253521126761,0.22535211267605634,7.602261052019758e-82,0.704225352112676
422,73979.0,0.25,0.25,0.25,0.25
423,73980.0,0.2,0.2,0.2,0.4
424,73981.0,0.1111111111111111,0.05555555555555555,7.496674092963928e-82,0.8333333333333334
425,73982.0,0.17827298050139276,0.08356545961002786,0.08356545961002786,0.6545961002785515
426,73983.0,4.693569866899155e-81,0.2608695652173913,4.693569866899155e-81,0.7391304347826086
427,73984.0,0.5,2.698805372272386e-85,2.698805372272386e-85,0.5
428,73985.0,0.05405405405405406,0.13513513513513514,7.294061279640579e-82,0.8108108108108109
429,73986.0,8.433758354584419e-82,0.0625,0.15625,0.78125
430,73987.0,0.1095890410958904,0.0684931506849315,1.4787959854613775e-81,0.821917808219178
431,73988.0,6.747006683667535e-82,0.125,0.125,0.75
432,73989.0,0.16666666666666666,8.996008911556713e-81,0.3333333333333333,0.5
433,73990.0,1.261122744610754e-81,0.29906542056074764,1.261122744610754e-81,0.7009345794392523
434,73991.0,1.384001371008725e-81,0.10256410256410256,1.384001371008725e-81,0.8974358974358975
435,73992.0,0.08641975308641975,0.04938271604938271,6.663710304856824e-81,0.8641975308641975
436,73993.0,0.5,2.698805372272386e-85,2.698805372272386e-85,0.5
437,73994.0,0.16411042944785276,0.014570552147239263,4.139267904090512e-82,0.821319018404908
438,73995.0,0.16666666666666666,0.3333333333333333,8.996008911556714e-82,0.5
439,73996.0,1.542172956266865e-81,0.14285714285714285,1.542172956266865e-81,0.8571428571428571
440,73997.0,7.710864781334326e-82,0.14285714285714285,7.710864781334326e-82,0.8571428571428572
441,73998.0,5.250588858885241e-82,0.20817120622568094,0.20817120622568094,0.5836575875486382
442,73999.0,4.1520041130261753e-82,0.7692307692307693,4.1520041130261753e-82,0.23076923076923078
443,74000.0,0.13793103448275862,0.034482758620689655,3.722486446161398e-82,0.8275862068965517
444,74001.0,8.848533355629554e-82,0.040983606557377046,0.040983606557377046,0.9180327868852459
445,74002.0,0.06666666666666667,0.08333333333333333,0.1,0.75
446,74003.0,1.261122744610754e-81,1.261122744610754e-81,1.261122744610754e-81,1.0
447,74004.0,0.09090909090909091,0.18181818181818182,9.813827903516414e-82,0.7272727272727273
448,74005.0,0.02912621359223301,0.6796116504854369,0.1941747572815534,0.0970873786407767
449,74006.0,5.391566792126846e-85,0.9988802541153907,5.391566792126846e-85,0.0011197458846092378
450,74007.0,0.09090909090909091,0.18181818181818182,9.813827903516414e-82,0.7272727272727273
451,74008.0,0.025295109612141653,0.25295109612141653,9.102201259585207e-82,0.7217537942664418
452,74009.0,0.22260748959778087,0.03467406380027739,3.7431382433661775e-82,0.7427184466019418
453,74010.0,2.3467849334495774e-81,0.13043478260869565,2.3467849334495774e-81,0.8695652173913043
454,74011.0,7.612983564081845e-82,0.4231311706629055,7.612983564081845e-82,0.5768688293370945
455,74012.0,5.73603118696496e-82,0.13602550478214664,5.73603118696496e-82,0.8639744952178534
456,74013.0,0.1388888888888889,0.18518518518518517,0.027777777777777776,0.6481481481481481
457,74014.0,2.1002355435540965e-81,2.1002355435540965e-81,2.1002355435540965e-81,1.0
458,74015.0,5.951053304227153e-82,5.951053304227153e-82,5.951053304227153e-82,1.0
459,74016.0,0.10752688172043011,0.03225806451612903,5.803876717133363e-82,0.8602150537634409
460,74017.0,0.3333333333333333,0.3333333333333333,1.7992035815149242e-85,0.3333333333333333
461,74018.0,1.261122744610754e-81,0.29906542056074764,1.261122744610754e-81,0.7009345794392523
462,74019.0,3.936984206370553e-82,0.2188183807439825,3.936984206370553e-82,0.7811816192560175
463,74020.0,0.015151515151515152,0.3787878787878788,4.089094959798506e-82,0.6060606060606061
